 ABLABSDAT             ABLAMT                
 --------- ----------- --------------------- 
 20140401  18978071083                 20.00 
 20140401  18176185453                 40.00 
 20140401  13397816186                300.00 
 20140401  18978325158                100.00 
 20140430  13367716068                 10.00 
 20140430  18977105487                 20.00 

(5461 rows affected)
 ABLABSDAT             ABLAMT                
 --------- ----------- --------------------- 
 20140401  18978071083                 20.00 
 20140401  18176185453                 40.00 
 20140401  13397816186                300.00 
 20140401  18978325158                100.00 
 20140430  13367716068                 10.00 
 20140430  18977105487                 20.00 

(5461 rows affected)
 ABLABSDAT             ABLAMT                
 --------- ----------- --------------------- 
 20140401  18978071083                 20.00 
 20140401  18176185453                 40.00 
 20140401  13397816186                300.00 
 20140401  18978325158                100.00 
 20140430  13367716068                 10.00 
 20140430  18977105487                 20.00 

(5461 rows affected)
